222
842
934
629
538
502
959
799
880
587
836
179
196
276
630
374
955
912
208
157
472
590
278
309
928
857
966
893
900
868
629
907
935
199
350
763
137
499
614
479
11
659
195
228
596
763
495
681
588
869
831
822
879
642
81
306
611
78
309
157
830
239
355
184
162
239
349
873
234
784
806
955
690
671
908
526
457
476
250
771
898
113
545
570
868
985
657
327
943
876
114
835
672
112
391
615
127
409
549
230
Sorted data: 
11
78
81
112
113
114
127
137
157
157
162
179
184
195
196
199
208
222
228
230
234
239
239
250
276
278
306
309
309
327
349
350
355
374
391
409
457
472
476
479
495
499
502
526
538
545
549
570
587
588
590
596
611
614
615
629
629
630
642
657
659
671
672
681
690
763
763
771
784
799
806
822
830
831
835
836
842
857
868
868
869
873
876
879
880
893
898
900
907
908
912
928
934
935
943
955
955
959
966
985
